# hangglider
# Mon Sep 15 10:06:06 CEST 2014
TURN: 0.4
POLAR: 0.3 -0.043 , 0.45 -0.03 , 0.6 -0.04 , 0.8 -0.1 ,
OBJ3D: 
9
f t "aaaaaa"  0.00 -0.015 0.017,  0.15 -0.075 0.040, 0.15 -0.045 0.049, 0.0 0.015 0.026, 
f t "aaaaaa" -0.15 -0.045 0.049, -0.15 -0.075 0.040, 0.00 -0.015 0.017, 0.0 0.015 0.026, 
t t "aaaaaa" 0.0 0.015 0.024, 0.15 -0.045 0.047, 0.15 -0.075 0.038, 0.0 -0.015 0.015, 
t t "aaaaaa" 0.0 0.015 0.024, 0.0 -0.015 0.015, -0.15 -0.075 0.038, -0.15 -0.045 0.047, 
f f "ffff00" 0.008 -0.05 0.015, 0.008 0.0 0.015, -0.008 0.0 0.015, -0.008 -0.05 0.015, 
f f "ffff00" -0.008 0.0 0.0, -0.008 0.0 0.015, 0.008 0.0 0.015, 0.008 0.0 0.0, 
f f "ffff00" 0.008 0.0 0.0, 0.008 -0.05 0.015, -0.008 -0.05 0.015, -0.008 0.0 0.0, 
f f "ffff00" -0.008 -0.05 0.015, -0.008 0.0 0.015, -0.008 0.0 0.0, 
f f "ffff00" 0.008 -0.05 0.015, 0.008 0.0 0.0, 0.008 0.0 0.015, 
