# paraglider
# Mon Sep 15 10:05:34 CEST 2014
TURN: 0.3
POLAR: 0.28 -0.0396 , 0.4 -0.036 , 0.6 -0.09 , 
OBJ3D: 
11
t t "aaaaaa"  0.000 0.030 0.17,  0.025 0.030 0.17,  0.025 0.000 0.16,  0.000 0.000 0.16, 
t t "aaaaaa"  0.025 0.030 0.17,  0.080 0.024 0.15,  0.080 0.003 0.14,  0.025 0.000 0.16, 
t t "aaaaaa"  0.080 0.024 0.15,  0.100 0.020 0.12,  0.100 0.009 0.11,  0.080 0.003 0.14, 
t t "aaaaaa"  0.000 0.000 0.16, -0.025 0.000 0.16, -0.025 0.030 0.17,  0.000 0.030 0.17,     
t t "aaaaaa" -0.025 0.000 0.16, -0.080 0.003 0.14, -0.080 0.024 0.15, -0.025 0.030 0.17,    
t t "aaaaaa" -0.080 0.003 0.14, -0.100 0.009 0.11, -0.100 0.020 0.12, -0.080 0.024 0.15,    
f f "ffff00"  0.008 0.000 0.020,  0.008 0.045 0.000, -0.008 0.045 0.000, -0.008 0.00 0.020, 
f f "ffff00" -0.008 0.010 0.000, -0.008 0.045 0.000,  0.008 0.045 0.000,  0.008 0.01 0.000, 
f f "ffff00"  0.008 0.010 0.000,  0.008 0.000 0.020, -0.008 0.000 0.020, -0.008 0.01 0.000, 
f f "ffff00" -0.008 0.000 0.020, -0.008 0.045 0.000, -0.008 0.010 0.000, 
f f "ffff00"  0.008 0.000 0.020,  0.008 0.010 0.000,  0.008 0.045 0.000, 
