# sailplane
# Mon Sep 15 10:06:16 CEST 2014
TURN: 0.5
POLAR: 0.8 -0.026 , 1.2 -0.05 , 1.6 -0.19 ,
OBJ3D: 
17
f t "aaaaaa" 0.00 -0.024 0.0111, 0.12 -0.022 0.0231, 0.12 0.0 0.0271, 0.00 0.0 0.0151,   
f t "aaaaaa" 0.12 -0.022 0.0231, 0.24 -0.019 0.0591, 0.24 0.0 0.0621, 0.12 0.0 0.0271, 
f t "aaaaaa" -0.12 -0.022 0.0231, 0.0 -0.024 0.0111, 0.0 0.0 0.0151, -0.12 0.0 0.0271, 
f t "aaaaaa" -0.24 -0.019 0.0591, -0.12 -0.022 0.0231, -0.12 0.0 0.0271, -0.24 0.0 0.0621, 
t t "aaaaaa" 0.0 0.0 0.015, 0.12 0.0 0.027, 0.12 -0.022 0.023, 0.0 -0.024 0.011,   
t t "aaaaaa" 0.24 0.0 0.062, 0.24 -0.019 0.059, 0.12 -0.022 0.023, 0.12 0.0 0.027, 
t t "aaaaaa" -0.12 -0.022 0.023, -0.12 0.0 0.027, 0.0 0.0 0.015, 0.0 -0.024 0.011, 
t t "aaaaaa" -0.24 0.0 0.062, -0.12 0.0 0.027, -0.12 -0.022 0.023, -0.24 -0.019 0.059, 
f t "aaaaaa" -0.036 -0.083 0.0471, 0.036 -0.083 0.0471, 0.036 -0.071 0.0471, -0.036 -0.071 0.0471, 
t t "aaaaaa" -0.036 -0.071 0.047, 0.036 -0.071 0.047, 0.036 -0.083 0.047, -0.036 -0.083 0.047, 
f t "aaaaaa" -0.0001 -0.072 0.011, -0.0001 -0.083 0.047, -0.0001 -0.071 0.047, -0.0001 -0.06 0.011, 
f t "aaaaaa" 0.0001 -0.06 0.011, 0.0001 -0.071 0.047, 0.0001 -0.083 0.047, 0.0001 -0.072 0.011, 
f f "ffff00" 0.008 0.0 0.015, 0.008 0.05 0.0, -0.008 0.05 0.0, -0.008 0.0 0.015, 
f f "ffff00" -0.008 0.0 0.0, -0.008 0.05 0.0, 0.008 0.05 0.0, 0.008 0.0 0.0, 
f f "ffff00" 0.008 0.0 0.0, 0.008 0.0 0.015, -0.008 0.0 0.015, -0.008 0.0 0.0, 
f f "ffff00" -0.008 0.0 0.015, -0.008 0.05 0.0, -0.008 0.0 0.0, 
f f "ffff00" 0.008 0.0 0.015, 0.008 0.0 0.0, 0.008 0.05 0.0, 
