# vulture
# Wed Jan 28 14:03:24 CET 2015
TURN: 0.25
POLAR: 0.28 0.0001 , 0.48 -0.026 , 0.70 -0.08 , 
OBJ3D: 
15
f t "aaaaaa" 0.0 -0.02 0.004, 0.03 -0.018 0.005, 0.03 0.002 0.007, 0.0 0.0 0.004, 
f t "aaaaaa" 0.0 0.0 0.004, 0.03 0.002 0.007, 0.03 -0.018 0.005, 0.0 -0.02 0.004, 
f t "aaaaaa" 0.0 -0.02 0.004, 0.0 0.0 0.004, -0.03 0.002 0.007, -0.03 -0.018 0.005, 
f t "aaaaaa" -0.03 -0.018 0.005, -0.03 0.002 0.007, 0.0 0.0 0.004, 0.0 -0.02 0.004, 
f t "aaaaaa" 0.03 -0.018 0.005, 0.045 -0.02 0.004, 0.05 -0.002 0.004, 0.03 0.002 0.007, 
f t "aaaaaa" 0.03 0.002 0.007, 0.05 -0.002 0.004, 0.045 -0.02 0.004, 0.03 -0.018 0.005, 
f t "aaaaaa" -0.03 -0.018 0.005, -0.03 0.002 0.007, -0.05 -0.002 0.004, -0.045 -0.02 0.004, 
f t "aaaaaa" -0.045 -0.02 0.004, -0.05 -0.002 0.004, -0.03 0.002 0.007, -0.03 -0.018 0.005, 
f t "aaaaaa" 0.005 -0.02 0.004, -0.005 -0.02 0.004, -0.01 -0.027 0.004, 0.01 -0.027 0.004, 
f t "aaaaaa" -0.01 -0.027 0.004, -0.005 -0.02 0.004, 0.005 -0.02 0.004, 0.01 -0.027 0.004, 
f f "ffff00" 0.002 0.0 0.003, 0.002 0.01 0.0, -0.001 0.01 0.0, -0.001 0.0 0.003, 
f f "ffff00" -0.001 0.0 0.0, -0.001 0.01 0.0, 0.002 0.01 0.0, 0.002 0.0 0.0, 
f f "ffff00" 0.002 0.0 0.0, 0.002 0.0 0.003, -0.001 0.0 0.003, -0.001 0.0 0.0, 
f f "ffff00" -0.001 0.0 0.003, -0.001 0.01 0.0, -0.001 0.0 0.0, 
f f "ffff00" 0.002 0.0 0.003, 0.002 0.0 0.0, 0.002 0.01 0.0, 
